588

1 246 (ρ, 2461, 1 248 (p. 2151,1251(,1..9511 258,1·267
(pp. 817, 6671, 1271 (p. 6181, 11274 (1161911 294 (16.1,
1300, 1607, 1 612 (p. 8201, 16151 318, 1629, 1662,
1111111111111, 111),1111;1111,1111(ρ.111,,
1669 (p. 664), 1372, 1675,1 686, 1 390 (p. 34611696,
1 696 (p. 821, 1413 (p. 316), 1446 (pp. 47, 620), 1462,
1467, 1 485, 1488, 1491, 1492, 1494 (pp. 216, 8201,
1 497, 1 499, 1 515, 1 526, 1 529, 1 562, 1557, 1547,
1557 (p. 18611 564,1567 (pp. 621, 6661 1570 (p. 125),
1 579, 1581 (ρ. 2161, 1 585,

12615. 284, 69411161 18 (p. ,62211 16,1 14 (p. 8221,
, 126, 121 (p. 2181, 125 (p. 871,1 66 (p. 217), 185(ρ, 21,
169( (p. 62611 146, 1 44,1 48, 164,1 55,181(ρ. 624),
184, 1 92,1 106 (pp. 66, 406),1107,1112 61625),
1 116 (p. 809 1101111116ςὸ 1151 (1211511156 (p. 406
1101,1,1,166 1 17,6 1 174 (p 4091, 1 182,1187,1 186
(p. 87), 1202, 1265, 1 221, 1 229 (p. 6871, 1 240 (pp. 625,
408), 1 252 (p. 61, 1257 (pp. 65, 2251, 1 263,1 267, 1276,
1 278, 1 291, 1 292 (pp. 218, 4121, 1 297 (pp. 51, 66711660
(p. 1871, 1626 (p. 2),1 6261661 (p. 2581, 1 644 (p. 8191,
1 645, 1 647 (p. 4121, 1 648 (p. 69311850, 1656 (ρ, 258),
1 664,1 666,1 686 (p. 621, 1 691 (1.625), 1669,-1406 (p. 871,
1410 (p. 21911 411 (p. 4711425,1446,1456,1508,1525.

1116111611, 1180,1131,1164(ρ,90111155
(p. 219), κ 56 (15.1, 11 64; κ 70, κ 72 (p. 1251,1185(,).6261,
1186 (p. 2501, 11 166, 11 106,11 116, 11181, 11167,11’146,11156,
11180 (1166111 189 (p. 2811, κ 190: 1 238, 11 239, 11240,
11242, 11296, 11601 (pp. 82, 4651, x 605 (1.2461, 11 314,
6151132361. 281, x 624, x 3293ae 650, 651, 1187611896,
11490, 11482, κ 485 (p. 5111514, 11 528 (ρ. 4751. .

18, 136 (p. 826), 188, 1461 71118811 115, 116
(p. 251111 147-149 (p. 6261, 11 174,11 182 (p. 2561, 1186
(p. 3871, 1 216, λ 268, 1, 242 (ρ, 6271, 1271, 1127561248),
1 606 (p. 1251, 1 309 (pp. 287, 4781, 1 616 (p 8281, 1315
(p. 82111617 (p. 288), a 826, 1821 (pp. 151, 1181, 1311
(p. 2471, 1, 326, 134661. 628), 1 659, 1685 (pp. 87, 4721,
1691 (p. 258), 1, 428, 1 519, 1. 555(,1.628),1570 (p. 271,
1579 (p. 661), 1. 593, λ 602, 11616 (p. 62811, 662,

 

